1.50151 338.151
231.965 485.244
702.011 287.924
420.35 537.577
987.408 447.963
208.93 515.366
852.602 308.121
364.794 8.99075
109.684 218.671
176.775 99.5392
1186.23 267.415
142.9 2.8016
10.6937 226.728
637.996 342.711
722.117 364.299
199.481 397.827
540.947 211.274
68.4469 364.611
939.982 481.564
623.859 181.17
1051.17 436.006
1147.08 555.431
647.224 85.403
554.497 141.197
1034.69 125.761
935.588 506.192
1196.15 599.817
733.799 235.463
319.456 178.368
1008.17 14.246
451.039 55.5742
812.647 33.7291
10.5472 551.274
331.065 163.738
705.49 414.71
1005.13 435.896
581.927 123.215
892.483 281.075
549.553 569.494
893.326 64.9678
718.857 231.141
882.009 365.38
686.886 216.803
181.866 135.063
510.184 481.729
620.527 593.994
901.859 207.337
202.777 394.385
590.277 38.1237
839.711 302.884
176.995 569.75
169.89 543.071
831.471 181.829
511.869 42.2254
1159.94 409.912
183.88 526.353
986.016 349.229
229.621 106.735
980.633 285.159
186.663 302.353
878.42 243.355
335.496 341.246
818.69 453.511
866.298 285.177
147.624 220.685
1001.62 21.0578
620.417 397.79
511.466 62.8071
1139.21 552.831
659.456 207.593
566.07 224.989
1016.38 190.124
547.319 163.134
1179.56 178.68
887.027 340.367
235.188 456.789
1007.33 238.594
601.08 534.098
32.96 596.777
687.106 30.3049
637.593 116.44
1011.65 376.055
789.135 118.711
1010.59 73.9952
131.913 445.875
376.879 564.641
343.297 201.788
168.316 439.851
1001.54 424.799
720.286 448.329
303.269 86.6848
1.94098 36.6039
967.486 511.576
252.693 69.3625
663.851 8.55129
136.528 272.707
902.664 411.689
652.132 44.3312
524.064 121.165
835.463 174.212
524.027 139.457
693.442 319.547
754.418 96.115
604.962 577.825
834.913 554.881
227.937 201.569
214.02 597.107
548.93 598.81
117.008 375.103
113.272 262.636
1117.82 29.0597
1073.54 174.01
272.762 461.44
492.862 121.183
753.685 362.487
541.935 279.812
717.392 380.834
1025.75 497.275
749.73 432.545
678.903 225.08
221.125 442.744
666.158 543.052
291.44 113.364
725.669 419.105
701.535 210.779
593.353 48.2315
888.894 367.229
744.456 414.673
965.435 89.4681
691.244 520.64
1093.87 368.822
873.22 25.9285
801.331 585.919
378.014 341.52
366.991 104.355
130.265 521.427
1021.47 446.59
185.858 196.149
95.2177 45.9609
769.176 492.001
654.109 268.954
490.774 179.247
558.672 300.723
183.184 193.823
885.598 188.33
992.022 575.445
1048.02 435.017
360.07 566.399
152.678 39.4421
941.96 314.75
731.565 573.669
86.7214 525.382
784.631 193.274
125.761 303.03
272.506 174.175
1103.98 330.699
795.361 68.7216
591.046 227.479
596.173 476.016
611.115 229.42
825.794 319.291
727.537 237.111
7.06809 424.726
120.743 373.84
1035.9 294.9
896.805 298.141
456.13 471.218
663.375 214.258
1146.86 378.509
211.896 224.549
157.952 445.967
1142.06 367.193
33.3995 197.906
67.0919 383.526
157.952 508.243
1037.18 358.129
865.969 512.381
17.6153 75.8812
849.489 370.287
261.08 39.5703
202.704 374.462
409.18 191.644
441.078 396.6
962.871 484.127
631.843 366.662
957.817 540.361
173.772 378.106
482.9 152.22
163.848 513.114
79.397 256.685
688.021 181.372
657.662 135.337
373.62 66.3778
969.646 80.8252
341.099 472.866
1074.28 473.782
892.557 369.134
433.351 513.993
274.19 518.149
275.326 149.73
650.887 590.899
64.565 48.854
629.609 256.081
113.602 155.278
1069.84 139.659
175.86 75.0572
1117.97 48.0667
56.5081 35.2306
403.687 548.82
478.323 259.67
1135.4 502.31
641.072 505.258
832.24 238.612
310.996 2.60018
630.708 572.881
478.433 144.658
702.67 153.081
820.814 567.168
522.599 534.135
8.60622 564.586
721.86 471.694
692.013 85.4579
266.793 229.804
5.12711 250.752
98.6969 395.959
1026.12 38.9111
973.272 397.241
829.786 481.619
636.164 411.377
171.319 413.703
873.476 466.64
37.2814 521.207
773.424 423.939
102.542 331.193
1137.49 35.2672
329.966 87.1059
1178.14 371.99
350.694 553.49
441.041 416.724
262.362 93.5514
288.656 312.864
1082.74 63.8508
1083.18 265.035
96.1333 469.259
206.146 584.637
931.046 522.233
252.767 273.971
4.50453 450.38
136.857 242.824
373.363 595.569
46.2905 151.25
227.131 148.613
184.21 372.192
1062.45 563.451
234.785 467.794
774.67 394.055
1090.98 273.275
1105.55 398.505
180.914 381.805
683.444 253.224
1131.63 324.345
694.284 321.873
306.345 238.173
420.313 21.9733
954.302 117.905
84.341 233.65
708.896 42.555
237.202 93.5331
773.205 272.597
725.156 418.409
529.557 410.681
475.832 501.431
710.654 119.755
1139.35 525.602
470.046 592.474
222.37 537.431
689.34 265.236
752.806 425.111
59.5477 171.337
312.241 244.581
1074.39 426.118
874.136 537.632
472.28 238.447
1084.64 185.162
465.725 342.344
424.268 440.217
894.424 441.829
887.32 83.5902
240.205 163.555
816.529 546.678
441.408 310.593
131.254 544.462
243.684 310.776
785.803 263.112
825.172 54.2558
95.4741 45.4665
33.3628 213.05
368.676 418.372
171.209 236.909
81.4112 405.445
869.924 119.224
832.826 369.427
785.876 326.395
117.96 327.219
59.5477 584.747
556.841 581.982
873.44 318.577
815.906 415.68
446.535 233.174
59.9506 485.867
203.473 36.494
372.668 470.687
254.964 193.146
581.597 5.49333
527.836 304.715
727.134 455.123
481.289 209.882
1011.18 565.392
747.972 598.37
64.1621 337.712
1036.26 232.057
367.687 170.531
32.0444 367.541
469.424 11.1698
37.2448 273.421
1029.52 562.059
482.278 436.372
733.909 485.025
1050.51 349.559
714.023 47.4075
951.811 277.322
708.75 353.661
683.041 489.639
807.3 206.146
12.2684 160.387
409.876 139.256
925.224 223.048
1043.84 70.1132
870.693 377.355
1072.74 109.812
642.683 541.203
936.1 579.125
236.836 540.928
956.902 572.039
1018.57 534.208
754.454 111.277
740.318 158.995
300.778 439.32
945.732 102.561
856.667 288.565
97.7813 483.926
1026.41 74.7826
368.969 343.992
567.571 457.228
230.244 436.665
1194.03 9.21049
777.16 414.985
208.966 43.2691
329.966 405.976
1006.71 333.995
445.473 467.702
279.025 382.94
277.999 122.758
1165.25 169.048
27.4667 461.531
182.196 28.1808
11.0965 209.149
772.655 205.945
497.476 249.91
108.805 327.11
839.125 202.795
789.026 525.748
642.573 342.015
64.7847 279.464
311.985 256.081
1036.01 291.952
104.923 339.488
851.283 467.08
1037.07 510.331
351.61 518.625
773.901 448.109
994.366 459.371
1046.3 544.993
1095.04 313.175
528.202 64.5833
424.818 493.832
513.26 101.901
1.02542 394.476
928.263 38.2336
107.779 231.397
820.667 484.567
184.906 85.7143
58.1561 207.685
22.2663 587.054
777.16 32.1909
1096.98 382.482
518.058 12.6347
291.11 235.17
784.814 469.131
27.3934 495.627
166.118 380.56
660.482 590.094
556.108 128.874
360.839 469.295
411.048 288.363
729.624 61.507
1181.32 453.493
181.06 273.843
853.957 599.249
930.607 384.991
745.445 567.663
825.794 173.882
680.587 174.23
657.881 427.418
295.724 328.007
591.156 571.233
803.784 459.096
748.045 267.452
958.513 447.322
1186.71 122.776
755.37 545.891
709.555 551.036
606.647 293.637
539.665 533.604
1128.48 109.757
302.353 121.805
876.589 564.678
750.096 24.8115
769.616 20.7099
667.623 326.688
535.6 36.8236
1195.24 76.6503
721.091 30.2133
207.355 396.142
398.926 189.575
784.301 246.321
513.004 132.975
814.222 99.8688
597.052 304.587
963.274 261.043
5.42009 203.693
451.076 77.1447
992.792 439.979
1069.37 385.998
780.712 308.689
880.764 442.305
1148.51 279.501
435.914 67.3116
1085.59 492.734
545.744 65.2058
1043.33 456.825
46.9497 250.002
1123.35 40.6507
197.833 126.768
140.3 354.668
142.021 370.965
696.115 414.179
877.871 549.388
803.674 179.101
970.635 226.911
1197 463.509
245.296 102.341
465.908 108.731
697.177 117.374
1152.17 114.151
458.071 182.397
144.987 118.894
55.4827 462.703
913.248 528.623
2.12409 269.173
511.649 480.923
553.618 296.915
899.258 143.101
671.285 55.6475
1106.43 536.296
1028.42 35.7799
589.068 379.223
896.658 453.639
306.894 545.946
950.383 119.773
663.411 30.7443
626.606 474.221
844.984 14.4292
878.091 332.017
1097.05 525.327
956.316 183.258
473.928 289.132
63.1001 391.18
1.02542 461.147
907.425 131.84
185.711 34.5164
804.736 19.6112
415.04 418.72
957.781 261.757
1178.06 381.329
354.357 286.184
1049.23 47.5723
121.183 85.934
171.612 550.798
370.47 224.293
